<svg width="100%" height="100%" id="svg" viewBox="0 0 1440 690" xmlns="http://www.w3.org/2000/svg" class="transition duration-300 ease-in-out delay-150"><style>
          .path-0{
            animation:pathAnim-0 4s;
            animation-timing-function: linear;
            animation-iteration-count: infinite;
          }
          @keyframes pathAnim-0{
            0%{
              d: path("M 0,700 C 0,700 0,140 0,140 C 67.37592047128129,151.9377761413844 134.75184094256258,163.87555228276878 196,154 C 257.2481590574374,144.12444771723122 312.36855670103097,112.43556701030927 367,119 C 421.63144329896903,125.56443298969073 475.77393225331366,170.38217967599414 533,164 C 590.2260677466863,157.61782032400586 650.5357142857143,100.03571428571428 718,101 C 785.4642857142857,101.96428571428572 860.0832106038291,161.47496318114878 913,185 C 965.9167893961709,208.52503681885122 997.1314432989691,196.06443298969072 1059,171 C 1120.868556701031,145.93556701030928 1213.3910162002946,108.26730486008836 1282,101 C 1350.6089837997054,93.73269513991164 1395.3044918998526,116.86634756995582 1440,140 C 1440,140 1440,700 1440,700 Z");
            }
            25%{
              d: path("M 0,700 C 0,700 0,140 0,140 C 64.00515463917525,117.87426362297496 128.0103092783505,95.74852724594993 188,104 C 247.9896907216495,112.25147275405007 303.96391752577324,150.88015463917526 358,169 C 412.03608247422676,187.11984536082474 464.13402061855663,184.73085419734903 532,179 C 599.8659793814434,173.26914580265097 683.5,164.19642857142853 741,161 C 798.5,157.80357142857147 829.8659793814433,160.48343151693672 891,164 C 952.1340206185567,167.51656848306328 1043.0360824742268,171.86984536082474 1103,163 C 1162.9639175257732,154.13015463917526 1191.9896907216496,132.03718703976438 1243,126 C 1294.0103092783504,119.96281296023564 1367.005154639175,129.9814064801178 1440,140 C 1440,140 1440,700 1440,700 Z");
            }
            50%{
              d: path("M 0,700 C 0,700 0,140 0,140 C 74.88475699558174,151.88972754050073 149.76951399116348,163.77945508100146 206,151 C 262.2304860088365,138.22054491899854 299.8067010309278,100.77190721649485 358,112 C 416.1932989690722,123.22809278350515 495.00368188512516,183.13291605301916 557,186 C 618.9963181148748,188.86708394698084 664.1785714285714,134.69642857142858 716,116 C 767.8214285714286,97.30357142857142 826.2820324005892,114.08136966126656 888,139 C 949.7179675994108,163.91863033873344 1014.6932989690722,196.97809278350516 1075,189 C 1135.3067010309278,181.02190721649484 1190.9447717231224,132.00625920471282 1251,117 C 1311.0552282768776,101.9937407952872 1375.5276141384388,120.99687039764359 1440,140 C 1440,140 1440,700 1440,700 Z");
            }
            75%{
              d: path("M 0,700 C 0,700 0,140 0,140 C 56.1868556701031,110.12389543446244 112.3737113402062,80.2477908689249 171,91 C 229.6262886597938,101.7522091310751 290.6920103092783,153.1327319587629 357,171 C 423.3079896907217,188.8672680412371 494.8582474226804,173.22128129602356 554,156 C 613.1417525773196,138.77871870397644 659.8750000000001,119.98214285714283 710,129 C 760.1249999999999,138.01785714285717 813.6417525773196,174.85014727540502 885,172 C 956.3582474226804,169.14985272459498 1045.5579896907216,126.61726804123711 1113,129 C 1180.4420103092784,131.3827319587629 1226.1262886597938,178.68078055964654 1277,188 C 1327.8737113402062,197.31921944035346 1383.9368556701031,168.65960972017672 1440,140 C 1440,140 1440,700 1440,700 Z");
            }
            100%{
              d: path("M 0,700 C 0,700 0,140 0,140 C 67.37592047128129,151.9377761413844 134.75184094256258,163.87555228276878 196,154 C 257.2481590574374,144.12444771723122 312.36855670103097,112.43556701030927 367,119 C 421.63144329896903,125.56443298969073 475.77393225331366,170.38217967599414 533,164 C 590.2260677466863,157.61782032400586 650.5357142857143,100.03571428571428 718,101 C 785.4642857142857,101.96428571428572 860.0832106038291,161.47496318114878 913,185 C 965.9167893961709,208.52503681885122 997.1314432989691,196.06443298969072 1059,171 C 1120.868556701031,145.93556701030928 1213.3910162002946,108.26730486008836 1282,101 C 1350.6089837997054,93.73269513991164 1395.3044918998526,116.86634756995582 1440,140 C 1440,140 1440,700 1440,700 Z");
            }
          }</style><defs><linearGradient id="gradient" x1="2%" y1="37%" x2="98%" y2="63%"><stop offset="5%" stop-color="#006cb5"></stop><stop offset="95%" stop-color="#dd373c"></stop></linearGradient></defs><path d="M 0,700 C 0,700 0,140 0,140 C 67.37592047128129,151.9377761413844 134.75184094256258,163.87555228276878 196,154 C 257.2481590574374,144.12444771723122 312.36855670103097,112.43556701030927 367,119 C 421.63144329896903,125.56443298969073 475.77393225331366,170.38217967599414 533,164 C 590.2260677466863,157.61782032400586 650.5357142857143,100.03571428571428 718,101 C 785.4642857142857,101.96428571428572 860.0832106038291,161.47496318114878 913,185 C 965.9167893961709,208.52503681885122 997.1314432989691,196.06443298969072 1059,171 C 1120.868556701031,145.93556701030928 1213.3910162002946,108.26730486008836 1282,101 C 1350.6089837997054,93.73269513991164 1395.3044918998526,116.86634756995582 1440,140 C 1440,140 1440,700 1440,700 Z" stroke="none" stroke-width="0" fill="url(#gradient)" fill-opacity="0.265" class="transition-all duration-300 ease-in-out delay-150 path-0"></path><style>
          .path-1{
            animation:pathAnim-1 4s;
            animation-timing-function: linear;
            animation-iteration-count: infinite;
          }
          @keyframes pathAnim-1{
            0%{
              d: path("M 0,700 C 0,700 0,280 0,280 C 72.64837997054494,295.97772459499265 145.29675994108987,311.9554491899853 213,299 C 280.7032400589101,286.0445508100147 343.46134020618547,244.1559278350515 385,252 C 426.53865979381453,259.8440721649485 446.8578792341681,317.4208394698086 507,311 C 567.1421207658319,304.5791605301914 667.1071428571428,234.16071428571428 734,229 C 800.8928571428572,223.83928571428572 834.7135493372608,283.9363033873343 883,293 C 931.2864506627392,302.0636966126657 994.0386597938143,260.09407216494844 1054,239 C 1113.9613402061857,217.90592783505153 1171.1318114874816,217.68740795287187 1235,228 C 1298.8681885125184,238.31259204712813 1369.4340942562592,259.1562960235641 1440,280 C 1440,280 1440,700 1440,700 Z");
            }
            25%{
              d: path("M 0,700 C 0,700 0,280 0,280 C 45.267304860088345,273.4871134020618 90.53460972017669,266.9742268041237 158,278 C 225.4653902798233,289.0257731958763 315.1288659793815,317.590206185567 385,332 C 454.8711340206185,346.409793814433 504.94992636229745,346.66494845360825 557,327 C 609.0500736377026,307.33505154639175 663.0714285714287,267.75000000000006 714,271 C 764.9285714285713,274.24999999999994 812.7643593519881,320.33505154639175 879,320 C 945.2356406480119,319.66494845360825 1029.8711340206187,272.909793814433 1099,259 C 1168.1288659793813,245.09020618556704 1221.7511045655374,264.0257731958763 1276,273 C 1330.2488954344626,281.9742268041237 1385.1244477172313,280.9871134020618 1440,280 C 1440,280 1440,700 1440,700 Z");
            }
            50%{
              d: path("M 0,700 C 0,700 0,280 0,280 C 74.71833578792341,279.2175994108984 149.43667157584682,278.43519882179675 201,277 C 252.56332842415318,275.56480117820325 280.9716494845361,273.47680412371136 335,291 C 389.0283505154639,308.52319587628864 468.67673048600886,345.65758468335787 544,331 C 619.3232695139911,316.34241531664213 690.3214285714287,249.89285714285714 747,236 C 803.6785714285713,222.10714285714286 846.0375552282769,260.7709867452136 895,267 C 943.9624447717231,273.2290132547864 999.5283505154639,247.02319587628864 1063,255 C 1126.471649484536,262.97680412371136 1197.8490427098675,305.1362297496318 1262,315 C 1326.1509572901325,324.8637702503682 1383.0754786450661,302.43188512518407 1440,280 C 1440,280 1440,700 1440,700 Z");
            }
            75%{
              d: path("M 0,700 C 0,700 0,280 0,280 C 50.24815905743742,291.47220176730485 100.49631811487484,302.9444035346097 151,305 C 201.50368188512516,307.0555964653903 252.26288659793806,299.69458762886603 328,291 C 403.73711340206194,282.30541237113397 504.45213549337257,272.27724594992634 571,282 C 637.5478645066274,291.72275405007366 669.9285714285714,321.1964285714286 718,309 C 766.0714285714286,296.8035714285714 829.8335787923417,242.93703976435935 891,230 C 952.1664212076583,217.06296023564065 1010.7371134020618,245.05541237113403 1069,256 C 1127.2628865979382,266.944587628866 1185.217967599411,260.8413107511046 1247,262 C 1308.782032400589,263.1586892488954 1374.3910162002944,271.5793446244477 1440,280 C 1440,280 1440,700 1440,700 Z");
            }
            100%{
              d: path("M 0,700 C 0,700 0,280 0,280 C 72.64837997054494,295.97772459499265 145.29675994108987,311.9554491899853 213,299 C 280.7032400589101,286.0445508100147 343.46134020618547,244.1559278350515 385,252 C 426.53865979381453,259.8440721649485 446.8578792341681,317.4208394698086 507,311 C 567.1421207658319,304.5791605301914 667.1071428571428,234.16071428571428 734,229 C 800.8928571428572,223.83928571428572 834.7135493372608,283.9363033873343 883,293 C 931.2864506627392,302.0636966126657 994.0386597938143,260.09407216494844 1054,239 C 1113.9613402061857,217.90592783505153 1171.1318114874816,217.68740795287187 1235,228 C 1298.8681885125184,238.31259204712813 1369.4340942562592,259.1562960235641 1440,280 C 1440,280 1440,700 1440,700 Z");
            }
          }</style><defs><linearGradient id="gradient" x1="2%" y1="37%" x2="98%" y2="63%"><stop offset="5%" stop-color="#006cb5"></stop><stop offset="95%" stop-color="#dd373c"></stop></linearGradient></defs><path d="M 0,700 C 0,700 0,280 0,280 C 72.64837997054494,295.97772459499265 145.29675994108987,311.9554491899853 213,299 C 280.7032400589101,286.0445508100147 343.46134020618547,244.1559278350515 385,252 C 426.53865979381453,259.8440721649485 446.8578792341681,317.4208394698086 507,311 C 567.1421207658319,304.5791605301914 667.1071428571428,234.16071428571428 734,229 C 800.8928571428572,223.83928571428572 834.7135493372608,283.9363033873343 883,293 C 931.2864506627392,302.0636966126657 994.0386597938143,260.09407216494844 1054,239 C 1113.9613402061857,217.90592783505153 1171.1318114874816,217.68740795287187 1235,228 C 1298.8681885125184,238.31259204712813 1369.4340942562592,259.1562960235641 1440,280 C 1440,280 1440,700 1440,700 Z" stroke="none" stroke-width="0" fill="url(#gradient)" fill-opacity="0.4" class="transition-all duration-300 ease-in-out delay-150 path-1"></path><style>
          .path-2{
            animation:pathAnim-2 4s;
            animation-timing-function: linear;
            animation-iteration-count: infinite;
          }
          @keyframes pathAnim-2{
            0%{
              d: path("M 0,700 C 0,700 0,420 0,420 C 52.31277614138439,420.7674889543446 104.62555228276878,421.53497790868926 162,418 C 219.37444771723122,414.46502209131074 281.8105670103092,406.6275773195876 347,413 C 412.1894329896908,419.3724226804124 480.13217967599417,439.95471281296017 538,445 C 595.8678203240058,450.04528718703983 643.6607142857141,439.5535714285715 699,432 C 754.3392857142859,424.4464285714285 817.224963181149,419.83100147275405 887,428 C 956.775036818851,436.16899852724595 1033.4394329896907,457.1224226804124 1097,451 C 1160.5605670103093,444.8775773195876 1211.0173048600886,411.67930780559647 1266,402 C 1320.9826951399114,392.32069219440353 1380.4913475699557,406.1603460972018 1440,420 C 1440,420 1440,700 1440,700 Z");
            }
            25%{
              d: path("M 0,700 C 0,700 0,420 0,420 C 50.76417525773195,438.06921944035344 101.5283505154639,456.13843888070693 157,471 C 212.4716494845361,485.86156111929307 272.6507731958763,497.5154639175257 345,471 C 417.3492268041237,444.4845360824743 501.8685567010309,379.79970544919 572,380 C 642.1314432989691,380.20029455081 697.8750000000001,445.2857142857143 752,467 C 806.1249999999999,488.7142857142857 858.631443298969,467.0574374079529 910,457 C 961.368556701031,446.9425625920471 1011.5992268041236,448.48453608247416 1062,437 C 1112.4007731958764,425.51546391752584 1162.971649484536,401.0044182621502 1226,396 C 1289.028350515464,390.9955817378498 1364.514175257732,405.4977908689249 1440,420 C 1440,420 1440,700 1440,700 Z");
            }
            50%{
              d: path("M 0,700 C 0,700 0,420 0,420 C 51.490058910162006,409.9635493372607 102.98011782032401,399.9270986745214 157,393 C 211.019882179676,386.0729013254786 267.569587628866,382.2551546391752 329,391 C 390.430412371134,399.7448453608248 456.74153166421206,421.0522827687777 512,427 C 567.2584683357879,432.9477172312223 611.4642857142858,423.5357142857142 687,433 C 762.5357142857142,442.4642857142858 869.401325478645,470.80486008836533 929,466 C 988.598674521355,461.19513991163467 1000.930412371134,423.2448453608247 1055,411 C 1109.069587628866,398.7551546391753 1204.877025036819,412.2157584683358 1276,418 C 1347.122974963181,423.7842415316642 1393.5614874815906,421.8921207658321 1440,420 C 1440,420 1440,700 1440,700 Z");
            }
            75%{
              d: path("M 0,700 C 0,700 0,420 0,420 C 61.90243004418264,434.5283505154639 123.80486008836527,449.0567010309278 187,456 C 250.19513991163473,462.9432989690722 314.6829896907216,462.3015463917526 365,445 C 415.3170103092784,427.6984536082474 451.46318114874816,393.7371134020619 510,394 C 568.5368188512518,394.2628865979381 649.4642857142857,428.75 715,446 C 780.5357142857143,463.25 830.679675994109,463.26288659793823 886,464 C 941.320324005891,464.73711340206177 1001.8170103092784,466.19845360824735 1073,453 C 1144.1829896907216,439.80154639175265 1226.0522827687776,411.94329896907215 1289,404 C 1351.9477172312224,396.05670103092785 1395.9738586156113,408.0283505154639 1440,420 C 1440,420 1440,700 1440,700 Z");
            }
            100%{
              d: path("M 0,700 C 0,700 0,420 0,420 C 52.31277614138439,420.7674889543446 104.62555228276878,421.53497790868926 162,418 C 219.37444771723122,414.46502209131074 281.8105670103092,406.6275773195876 347,413 C 412.1894329896908,419.3724226804124 480.13217967599417,439.95471281296017 538,445 C 595.8678203240058,450.04528718703983 643.6607142857141,439.5535714285715 699,432 C 754.3392857142859,424.4464285714285 817.224963181149,419.83100147275405 887,428 C 956.775036818851,436.16899852724595 1033.4394329896907,457.1224226804124 1097,451 C 1160.5605670103093,444.8775773195876 1211.0173048600886,411.67930780559647 1266,402 C 1320.9826951399114,392.32069219440353 1380.4913475699557,406.1603460972018 1440,420 C 1440,420 1440,700 1440,700 Z");
            }
          }</style><defs><linearGradient id="gradient" x1="2%" y1="37%" x2="98%" y2="63%"><stop offset="5%" stop-color="#006cb5"></stop><stop offset="95%" stop-color="#dd373c"></stop></linearGradient></defs><path d="M 0,700 C 0,700 0,420 0,420 C 52.31277614138439,420.7674889543446 104.62555228276878,421.53497790868926 162,418 C 219.37444771723122,414.46502209131074 281.8105670103092,406.6275773195876 347,413 C 412.1894329896908,419.3724226804124 480.13217967599417,439.95471281296017 538,445 C 595.8678203240058,450.04528718703983 643.6607142857141,439.5535714285715 699,432 C 754.3392857142859,424.4464285714285 817.224963181149,419.83100147275405 887,428 C 956.775036818851,436.16899852724595 1033.4394329896907,457.1224226804124 1097,451 C 1160.5605670103093,444.8775773195876 1211.0173048600886,411.67930780559647 1266,402 C 1320.9826951399114,392.32069219440353 1380.4913475699557,406.1603460972018 1440,420 C 1440,420 1440,700 1440,700 Z" stroke="none" stroke-width="0" fill="url(#gradient)" fill-opacity="0.53" class="transition-all duration-300 ease-in-out delay-150 path-2"></path><style>
          .path-3{
            animation:pathAnim-3 4s;
            animation-timing-function: linear;
            animation-iteration-count: infinite;
          }
          @keyframes pathAnim-3{
            0%{
              d: path("M 0,700 C 0,700 0,560 0,560 C 67.14598674521356,561.9582106038292 134.29197349042713,563.9164212076583 185,552 C 235.70802650957287,540.0835787923417 269.9780927835051,514.292525773196 330,515 C 390.0219072164949,515.707474226804 475.7956553755523,542.9134756995581 548,547 C 620.2043446244477,551.0865243004419 678.8392857142857,532.0535714285714 731,538 C 783.1607142857143,543.9464285714286 828.847201767305,574.8722385861561 893,579 C 957.152798232695,583.1277614138439 1039.7719072164948,560.4574742268042 1110,557 C 1180.2280927835052,553.5425257731958 1238.0651693667157,569.2978645066274 1291,573 C 1343.9348306332843,576.7021354933726 1391.967415316642,568.3510677466863 1440,560 C 1440,560 1440,700 1440,700 Z");
            }
            25%{
              d: path("M 0,700 C 0,700 0,560 0,560 C 50.77835051546393,576.7991531664212 101.55670103092785,593.5983063328424 156,589 C 210.44329896907215,584.4016936671576 268.55154639175254,558.4059278350514 345,553 C 421.44845360824746,547.5940721649486 516.2371134020619,562.7779823269515 567,577 C 617.7628865979381,591.2220176730485 624.5,604.4821428571429 686,608 C 747.5,611.5178571428571 863.7628865979383,605.2934462444772 927,591 C 990.2371134020617,576.7065537555228 1000.4484536082473,554.3440721649484 1054,545 C 1107.5515463917527,535.6559278350516 1204.4432989690722,539.330265095729 1276,544 C 1347.5567010309278,548.669734904271 1393.778350515464,554.3348674521355 1440,560 C 1440,560 1440,700 1440,700 Z");
            }
            50%{
              d: path("M 0,700 C 0,700 0,560 0,560 C 74.59388807069219,533.9705449189985 149.18777614138438,507.9410898379971 202,511 C 254.81222385861562,514.0589101620029 285.84278350515467,546.2061855670104 348,556 C 410.15721649484533,565.7938144329896 503.4410898379971,553.2341678939617 564,564 C 624.5589101620029,574.7658321060383 652.3928571428572,608.8571428571428 713,608 C 773.6071428571428,607.1428571428572 866.9874815905744,571.3372606774669 932,563 C 997.0125184094256,554.6627393225331 1033.6572164948454,573.7938144329897 1084,571 C 1134.3427835051546,568.2061855670103 1198.3836524300443,543.4874815905744 1260,538 C 1321.6163475699557,532.5125184094256 1380.808173784978,546.2562592047128 1440,560 C 1440,560 1440,700 1440,700 Z");
            }
            75%{
              d: path("M 0,700 C 0,700 0,560 0,560 C 54.46097201767306,592.6176362297497 108.92194403534612,625.2352724594992 175,608 C 241.07805596465388,590.7647275405008 318.77319587628864,523.6765463917525 381,513 C 443.22680412371136,502.32345360824746 489.98527245949936,548.0585419734905 550,550 C 610.0147275405006,551.9414580265095 683.2857142857142,510.08928571428567 735,512 C 786.7142857142858,513.9107142857143 816.8718703976435,559.5843151693668 868,582 C 919.1281296023565,604.4156848306332 991.2268041237116,603.5734536082475 1056,588 C 1120.7731958762884,572.4265463917525 1178.220913107511,542.1218703976435 1241,535 C 1303.779086892489,527.8781296023565 1371.8895434462445,543.9390648011782 1440,560 C 1440,560 1440,700 1440,700 Z");
            }
            100%{
              d: path("M 0,700 C 0,700 0,560 0,560 C 67.14598674521356,561.9582106038292 134.29197349042713,563.9164212076583 185,552 C 235.70802650957287,540.0835787923417 269.9780927835051,514.292525773196 330,515 C 390.0219072164949,515.707474226804 475.7956553755523,542.9134756995581 548,547 C 620.2043446244477,551.0865243004419 678.8392857142857,532.0535714285714 731,538 C 783.1607142857143,543.9464285714286 828.847201767305,574.8722385861561 893,579 C 957.152798232695,583.1277614138439 1039.7719072164948,560.4574742268042 1110,557 C 1180.2280927835052,553.5425257731958 1238.0651693667157,569.2978645066274 1291,573 C 1343.9348306332843,576.7021354933726 1391.967415316642,568.3510677466863 1440,560 C 1440,560 1440,700 1440,700 Z");
            }
          }</style><defs><linearGradient id="gradient" x1="2%" y1="37%" x2="98%" y2="63%"><stop offset="5%" stop-color="#006cb5"></stop><stop offset="95%" stop-color="#dd373c"></stop></linearGradient></defs><path d="M 0,700 C 0,700 0,560 0,560 C 67.14598674521356,561.9582106038292 134.29197349042713,563.9164212076583 185,552 C 235.70802650957287,540.0835787923417 269.9780927835051,514.292525773196 330,515 C 390.0219072164949,515.707474226804 475.7956553755523,542.9134756995581 548,547 C 620.2043446244477,551.0865243004419 678.8392857142857,532.0535714285714 731,538 C 783.1607142857143,543.9464285714286 828.847201767305,574.8722385861561 893,579 C 957.152798232695,583.1277614138439 1039.7719072164948,560.4574742268042 1110,557 C 1180.2280927835052,553.5425257731958 1238.0651693667157,569.2978645066274 1291,573 C 1343.9348306332843,576.7021354933726 1391.967415316642,568.3510677466863 1440,560 C 1440,560 1440,700 1440,700 Z" stroke="none" stroke-width="0" fill="url(#gradient)" fill-opacity="1" class="transition-all duration-300 ease-in-out delay-150 path-3"></path></svg>